family_id,assigned_day
0,0
1,0
2,100
3,0
4,93
5,0
6,0
7,0
8,0
9,0
10,92
11,0
12,98
13,0
14,0
15,22
16,0
17,0
18,0
19,0
20,0
21,56
22,61
23,19
24,75
25,16
26,0
27,0
28,0
29,0
30,68
31,0
32,0
33,0
34,0
35,98
36,0
37,0
38,13
39,0
40,0
41,92
42,0
43,0
44,0
45,0
46,0
47,0
48,0
49,0
50,50
51,28
52,0
53,37
54,69
55,91
56,0
57,0
58,0
59,0
60,98
61,0
62,0
63,63
64,3
65,47
66,0
67,0
68,85
69,0
70,0
71,71
72,0
73,0
74,0
75,0
76,79
77,20
78,0
79,37
80,0
81,0
82,0
83,0
84,0
85,0
86,0
87,0
88,57
89,0
90,54
91,0
92,85
93,5
94,47
95,0
96,0
97,0
98,3
99,0
100,0
101,0
102,0
103,68
104,47
105,0
106,34
107,0
108,34
109,0
110,22
111,68
112,0
113,0
114,15
115,22
116,77
117,0
118,69
119,0
120,56
121,0
122,0
123,0
124,0
125,47
126,3
127,2
128,56
129,0
130,0
131,0
132,76
133,0
134,0
135,5
136,88
137,0
138,0
139,0
140,61
141,89
142,0
143,0
144,28
145,0
146,64
147,28
148,63
149,61
150,72
151,0
152,0
153,0
154,0
155,79
156,0
157,0
158,0
159,0
160,0
161,47
162,68
163,84
164,18
165,97
166,0
167,93
168,0
169,0
170,0
171,24
172,21
173,0
174,34
175,0
176,0
177,0
178,0
179,0
180,0
181,7
182,0
183,0
184,0
185,0
186,50
187,43
188,0
189,0
190,0
191,0
192,77
193,0
194,0
195,55
196,100
197,0
198,90
199,0
200,0
201,0
202,0
203,0
204,0
205,0
206,28
207,47
208,0
209,71
210,0
211,67
212,0
213,0
214,0
215,0
216,43
217,0
218,38
219,68
220,0
221,0
222,36
223,0
224,100
225,0
226,0
227,49
228,0
229,85
230,57
231,48
232,47
233,92
234,0
235,0
236,37
237,3
238,0
239,0
240,0
241,0
242,0
243,89
244,0
245,0
246,50
247,0
248,0
249,0
250,0
251,0
252,92
253,0
254,0
255,0
256,93
257,0
258,92
259,100
260,0
261,0
262,0
263,48
264,0
265,0
266,0
267,0
268,0
269,30
270,67
271,0
272,43
273,0
274,8
275,15
276,0
277,3
278,54
279,38
280,0
281,22
282,0
283,0
284,20
285,0
286,54
287,0
288,63
289,0
290,0
291,0
292,0
293,23
294,0
295,85
296,0
297,48
298,0
299,32
300,5
301,0
302,0
303,0
304,86
305,58
306,2
307,0
308,47
309,0
310,64
311,0
312,43
313,0
314,0
315,0
316,0
317,0
318,0
319,0
320,7
321,0
322,0
323,0
324,0
325,0
326,26
327,0
328,0
329,0
330,93
331,0
332,0
333,23
334,22
335,0
336,89
337,0
338,0
339,0
340,0
341,58
342,54
343,89
344,0
345,0
346,0
347,0
348,0
349,0
350,0
351,0
352,93
353,0
354,0
355,85
356,0
357,0
358,0
359,90
360,55
361,0
362,0
363,0
364,99
365,0
366,93
367,0
368,93
369,72
370,13
371,93
372,98
373,0
374,0
375,6
376,26
377,0
378,0
379,65
380,0
381,27
382,48
383,0
384,0
385,29
386,15
387,0
388,32
389,0
390,0
391,0
392,0
393,36
394,0
395,8
396,0
397,0
398,37
399,5
400,0
401,0
402,0
403,17
404,48
405,0
406,3
407,68
408,21
409,0
410,81
411,0
412,0
413,62
414,0
415,0
416,0
417,0
418,32
419,0
420,0
421,0
422,0
423,74
424,0
425,30
426,0
427,0
428,0
429,86
430,0
431,15
432,45
433,0
434,62
435,0
436,0
437,64
438,0
439,0
440,0
441,0
442,29
443,0
444,26
445,74
446,0
447,19
448,0
449,0
450,0
451,33
452,86
453,0
454,0
455,0
456,0
457,70
458,0
459,0
460,30
461,0
462,0
463,71
464,0
465,0
466,36
467,3
468,0
469,93
470,0
471,0
472,0
473,0
474,22
475,33
476,86
477,60
478,5
479,65
480,78
481,13
482,30
483,78
484,0
485,30
486,0
487,65
488,0
489,0
490,0
491,0
492,0
493,0
494,0
495,56
496,3
497,0
498,0
499,0
500,0
501,21
502,56
503,22
504,0
505,0
506,0
507,0
508,35
509,37
510,0
511,43
512,58
513,64
514,3
515,14
516,79
517,60
518,24
519,24
520,0
521,65
522,32
523,0
524,74
525,98
526,0
527,16
528,68
529,0
530,0
531,0
532,0
533,0
534,14
535,72
536,91
537,23
538,83
539,0
540,0
541,0
542,22
543,0
544,0
545,79
546,0
547,60
548,0
549,0
550,0
551,0
552,35
553,0
554,0
555,0
556,98
557,78
558,0
559,0
560,0
561,20
562,0
563,0
564,0
565,91
566,0
567,0
568,0
569,0
570,0
571,98
572,62
573,0
574,88
575,0
576,0
577,0
578,0
579,77
580,49
581,42
582,20
583,35
584,0
585,3
586,0
587,0
588,51
589,82
590,0
591,55
592,0
593,23
594,0
595,0
596,0
597,0
598,0
599,43
600,15
601,2
602,0
603,98
604,15
605,0
606,12
607,81
608,0
609,0
610,0
611,0
612,0
613,0
614,61
615,58
616,44
617,0
618,0
619,42
620,79
621,0
622,99
623,0
624,78
625,0
626,33
627,3
628,0
629,62
630,0
631,0
632,33
633,0
634,0
635,30
636,0
637,0
638,0
639,30
640,43
641,81
642,0
643,12
644,19
645,0
646,0
647,0
648,0
649,65
650,0
651,0
652,16
653,92
654,10
655,0
656,0
657,48
658,35
659,69
660,0
661,0
662,0
663,6
664,0
665,0
666,48
667,0
668,10
669,61
670,0
671,0
672,0
673,0
674,76
675,0
676,0
677,0
678,0
679,23
680,27
681,61
682,63
683,40
684,0
685,0
686,0
687,0
688,88
689,0
690,38
691,8
692,13
693,8
694,0
695,8
696,69
697,85
698,10
699,35
700,14
701,8
702,7
703,0
704,0
705,14
706,95
707,0
708,0
709,98
710,0
711,14
712,0
713,84
714,10
715,0
716,0
717,0
718,0
719,0
720,0
721,0
722,0
723,92
724,0
725,69
726,18
727,0
728,0
729,32
730,0
731,0
732,92
733,0
734,8
735,0
736,79
737,12
738,0
739,65
740,0
741,81
742,99
743,0
744,0
745,0
746,60
747,25
748,0
749,65
750,0
751,0
752,4
753,30
754,36
755,12
756,0
757,0
758,22
759,97
760,23
761,48
762,0
763,79
764,4
765,0
766,0
767,0
768,92
769,0
770,25
771,91
772,12
773,0
774,0
775,99
776,84
777,46
778,0
779,0
780,77
781,0
782,67
783,0
784,0
785,0
786,0
787,6
788,0
789,0
790,0
791,0
792,0
793,100
794,32
795,0
796,81
797,0
798,0
799,0
800,57
801,0
802,0
803,0
804,57
805,0
806,0
807,72
808,0
809,0
810,69
811,0
812,0
813,0
814,27
815,0
816,0
817,0
818,0
819,32
820,0
821,36
822,34
823,35
824,0
825,0
826,0
827,71
828,0
829,70
830,36
831,8
832,0
833,0
834,56
835,17
836,0
837,0
838,0
839,0
840,0
841,92
842,69
843,0
844,69
845,0
846,76
847,95
848,0
849,50
850,0
851,0
852,0
853,55
854,14
855,51
856,70
857,0
858,0
859,0
860,55
861,57
862,85
863,0
864,4
865,19
866,24
867,0
868,0
869,0
870,57
871,0
872,0
873,0
874,23
875,82
876,97
877,49
878,4
879,65
880,0
881,0
882,0
883,0
884,0
885,6
886,0
887,83
888,0
889,99
890,65
891,0
892,0
893,63
894,78
895,0
896,29
897,0
898,26
899,0
900,0
901,7
902,33
903,19
904,24
905,0
906,0
907,0
908,90
909,0
910,46
911,0
912,0
913,0
914,0
915,0
916,81
917,60
918,0
919,99
920,0
921,0
922,0
923,0
924,0
925,71
926,33
927,0
928,0
929,69
930,0
931,35
932,0
933,84
934,0
935,26
936,0
937,0
938,46
939,0
940,0
941,23
942,57
943,0
944,0
945,0
946,0
947,0
948,84
949,86
950,0
951,0
952,0
953,46
954,0
955,63
956,0
957,16
958,24
959,42
960,50
961,0
962,44
963,0
964,0
965,61
966,0
967,40
968,2
969,0
970,97
971,0
972,90
973,82
974,44
975,1
976,18
977,0
978,0
979,0
980,0
981,0
982,1
983,0
984,2
985,44
986,76
987,0
988,0
989,0
990,50
991,0
992,54
993,46
994,0
995,35
996,57
997,0
998,0
999,0
1000,0
1001,0
1002,46
1003,0
1004,0
1005,31
1006,0
1007,0
1008,0
1009,0
1010,46
1011,0
1012,67
1013,0
1014,0
1015,0
1016,0
1017,0
1018,16
1019,0
1020,60
1021,75
1022,73
1023,60
1024,24
1025,71
1026,18
1027,54
1028,13
1029,41
1030,83
1031,0
1032,0
1033,0
1034,0
1035,0
1036,0
1037,0
1038,0
1039,0
1040,0
1041,0
1042,15
1043,16
1044,0
1045,0
1046,54
1047,15
1048,72
1049,0
1050,0
1051,0
1052,0
1053,84
1054,9
1055,0
1056,0
1057,72
1058,79
1059,0
1060,23
1061,65
1062,99
1063,0
1064,75
1065,1
1066,2
1067,75
1068,3
1069,98
1070,49
1071,0
1072,0
1073,0
1074,86
1075,0
1076,26
1077,14
1078,54
1079,0
1080,18
1081,25
1082,0
1083,0
1084,0
1085,0
1086,20
1087,22
1088,0
1089,0
1090,91
1091,56
1092,0
1093,0
1094,0
1095,19
1096,26
1097,55
1098,0
1099,0
1100,67
1101,0
1102,0
1103,0
1104,3
1105,0
1106,93
1107,0
1108,0
1109,0
1110,0
1111,100
1112,67
1113,0
1114,0
1115,31
1116,0
1117,0
1118,0
1119,0
1120,0
1121,0
1122,64
1123,26
1124,0
1125,0
1126,21
1127,71
1128,14
1129,1
1130,0
1131,24
1132,46
1133,0
1134,0
1135,67
1136,0
1137,3
1138,0
1139,42
1140,0
1141,9
1142,0
1143,0
1144,0
1145,0
1146,0
1147,62
1148,0
1149,59
1150,23
1151,0
1152,76
1153,0
1154,99
1155,0
1156,0
1157,15
1158,92
1159,17
1160,96
1161,0
1162,65
1163,0
1164,0
1165,79
1166,36
1167,0
1168,17
1169,1
1170,0
1171,0
1172,0
1173,0
1174,40
1175,0
1176,100
1177,0
1178,0
1179,69
1180,0
1181,56
1182,0
1183,0
1184,0
1185,0
1186,2
1187,75
1188,0
1189,94
1190,0
1191,75
1192,91
1193,0
1194,0
1195,0
1196,0
1197,0
1198,50
1199,16
1200,16
1201,11
1202,0
1203,0
1204,0
1205,9
1206,0
1207,0
1208,0
1209,0
1210,0
1211,49
1212,88
1213,50
1214,100
1215,94
1216,0
1217,0
1218,0
1219,0
1220,0
1221,77
1222,0
1223,58
1224,8
1225,0
1226,0
1227,18
1228,0
1229,21
1230,0
1231,0
1232,67
1233,0
1234,0
1235,64
1236,82
1237,0
1238,96
1239,50
1240,0
1241,0
1242,0
1243,58
1244,94
1245,0
1246,0
1247,0
1248,0
1249,0
1250,0
1251,0
1252,4
1253,72
1254,0
1255,93
1256,79
1257,0
1258,0
1259,0
1260,86
1261,0
1262,60
1263,91
1264,0
1265,83
1266,37
1267,23
1268,0
1269,0
1270,86
1271,0
1272,0
1273,27
1274,0
1275,71
1276,7
1277,49
1278,0
1279,57
1280,9
1281,76
1282,0
1283,0
1284,2
1285,70
1286,97
1287,0
1288,0
1289,0
1290,0
1291,34
1292,35
1293,0
1294,75
1295,0
1296,0
1297,0
1298,0
1299,0
1300,0
1301,9
1302,27
1303,0
1304,0
1305,0
1306,0
1307,60
1308,0
1309,57
1310,0
1311,0
1312,0
1313,88
1314,0
1315,0
1316,0
1317,26
1318,0
1319,43
1320,54
1321,1
1322,0
1323,96
1324,0
1325,23
1326,69
1327,14
1328,0
1329,5
1330,90
1331,92
1332,82
1333,0
1334,0
1335,71
1336,43
1337,78
1338,85
1339,77
1340,0
1341,0
1342,0
1343,34
1344,19
1345,0
1346,0
1347,0
1348,30
1349,0
1350,19
1351,0
1352,0
1353,11
1354,14
1355,54
1356,49
1357,82
1358,0
1359,64
1360,98
1361,0
1362,83
1363,99
1364,0
1365,0
1366,14
1367,0
1368,26
1369,93
1370,43
1371,85
1372,75
1373,3
1374,0
1375,0
1376,0
1377,18
1378,0
1379,93
1380,0
1381,0
1382,3
1383,0
1384,0
1385,0
1386,0
1387,0
1388,63
1389,0
1390,72
1391,0
1392,0
1393,0
1394,0
1395,0
1396,90
1397,2
1398,0
1399,71
1400,22
1401,0
1402,0
1403,0
1404,27
1405,0
1406,26
1407,44
1408,0
1409,95
1410,0
1411,0
1412,86
1413,86
1414,0
1415,97
1416,3
1417,0
1418,42
1419,0
1420,70
1421,23
1422,91
1423,2
1424,0
1425,80
1426,43
1427,70
1428,0
1429,0
1430,20
1431,49
1432,0
1433,100
1434,0
1435,99
1436,0
1437,0
1438,7
1439,69
1440,23
1441,0
1442,0
1443,3
1444,0
1445,0
1446,7
1447,0
1448,0
1449,0
1450,0
1451,50
1452,0
1453,0
1454,25
1455,58
1456,0
1457,0
1458,20
1459,0
1460,2
1461,58
1462,0
1463,96
1464,59
1465,0
1466,64
1467,11
1468,100
1469,88
1470,0
1471,0
1472,0
1473,60
1474,19
1475,94
1476,0
1477,0
1478,65
1479,70
1480,23
1481,0
1482,0
1483,85
1484,0
1485,0
1486,0
1487,64
1488,0
1489,0
1490,62
1491,97
1492,0
1493,41
1494,46
1495,0
1496,49
1497,79
1498,0
1499,88
1500,100
1501,96
1502,84
1503,0
1504,17
1505,0
1506,19
1507,0
1508,0
1509,0
1510,0
1511,28
1512,0
1513,0
1514,0
1515,77
1516,0
1517,8
1518,0
1519,0
1520,48
1521,20
1522,0
1523,0
1524,11
1525,0
1526,18
1527,0
1528,96
1529,46
1530,0
1531,26
1532,0
1533,99
1534,0
1535,18
1536,0
1537,0
1538,16
1539,0
1540,99
1541,15
1542,22
1543,16
1544,69
1545,0
1546,91
1547,0
1548,0
1549,0
1550,12
1551,7
1552,0
1553,0
1554,83
1555,0
1556,81
1557,0
1558,0
1559,0
1560,88
1561,17
1562,7
1563,6
1564,71
1565,0
1566,15
1567,37
1568,0
1569,63
1570,0
1571,91
1572,0
1573,0
1574,0
1575,59
1576,0
1577,0
1578,0
1579,0
1580,0
1581,0
1582,0
1583,0
1584,0
1585,0
1586,0
1587,88
1588,0
1589,53
1590,86
1591,0
1592,0
1593,0
1594,12
1595,0
1596,0
1597,97
1598,15
1599,0
1600,27
1601,0
1602,0
1603,7
1604,78
1605,0
1606,51
1607,76
1608,64
1609,21
1610,0
1611,0
1612,0
1613,0
1614,0
1615,99
1616,26
1617,0
1618,0
1619,46
1620,40
1621,71
1622,0
1623,14
1624,70
1625,84
1626,0
1627,0
1628,0
1629,0
1630,63
1631,0
1632,30
1633,0
1634,49
1635,0
1636,90
1637,67
1638,0
1639,83
1640,30
1641,0
1642,0
1643,0
1644,72
1645,36
1646,0
1647,68
1648,11
1649,0
1650,21
1651,4
1652,21
1653,97
1654,0
1655,64
1656,31
1657,0
1658,60
1659,0
1660,0
1661,0
1662,18
1663,0
1664,0
1665,36
1666,18
1667,53
1668,7
1669,8
1670,0
1671,0
1672,0
1673,0
1674,57
1675,0
1676,27
1677,27
1678,0
1679,0
1680,0
1681,33
1682,0
1683,7
1684,0
1685,0
1686,0
1687,21
1688,0
1689,0
1690,47
1691,78
1692,0
1693,0
1694,0
1695,100
1696,17
1697,83
1698,84
1699,12
1700,73
1701,52
1702,99
1703,69
1704,0
1705,0
1706,71
1707,73
1708,72
1709,56
1710,0
1711,34
1712,12
1713,0
1714,0
1715,0
1716,65
1717,0
1718,0
1719,23
1720,0
1721,43
1722,0
1723,0
1724,60
1725,0
1726,0
1727,0
1728,35
1729,0
1730,2
1731,15
1732,34
1733,11
1734,21
1735,0
1736,0
1737,0
1738,0
1739,0
1740,0
1741,0
1742,0
1743,0
1744,0
1745,0
1746,0
1747,84
1748,0
1749,68
1750,65
1751,0
1752,12
1753,64
1754,0
1755,0
1756,0
1757,0
1758,0
1759,12
1760,57
1761,0
1762,0
1763,0
1764,40
1765,22
1766,0
1767,36
1768,25
1769,24
1770,0
1771,85
1772,0
1773,0
1774,46
1775,0
1776,58
1777,0
1778,0
1779,0
1780,26
1781,0
1782,40
1783,16
1784,0
1785,17
1786,7
1787,49
1788,11
1789,0
1790,0
1791,27
1792,0
1793,12
1794,100
1795,23
1796,0
1797,9
1798,0
1799,0
1800,42
1801,56
1802,0
1803,9
1804,49
1805,98
1806,0
1807,0
1808,31
1809,0
1810,0
1811,0
1812,90
1813,0
1814,0
1815,0
1816,0
1817,0
1818,18
1819,0
1820,72
1821,68
1822,10
1823,0
1824,42
1825,0
1826,0
1827,0
1828,0
1829,0
1830,0
1831,18
1832,0
1833,0
1834,7
1835,0
1836,0
1837,0
1838,0
1839,57
1840,7
1841,10
1842,40
1843,0
1844,75
1845,0
1846,2
1847,82
1848,0
1849,21
1850,70
1851,0
1852,0
1853,0
1854,15
1855,49
1856,0
1857,0
1858,0
1859,91
1860,2
1861,44
1862,0
1863,17
1864,0
1865,37
1866,17
1867,16
1868,0
1869,9
1870,0
1871,0
1872,74
1873,0
1874,0
1875,0
1876,0
1877,0
1878,0
1879,0
1880,59
1881,49
1882,0
1883,29
1884,99
1885,98
1886,9
1887,59
1888,61
1889,0
1890,0
1891,42
1892,87
1893,19
1894,0
1895,95
1896,63
1897,0
1898,0
1899,27
1900,7
1901,97
1902,0
1903,10
1904,0
1905,0
1906,0
1907,0
1908,21
1909,0
1910,34
1911,0
1912,0
1913,0
1914,0
1915,0
1916,98
1917,17
1918,0
1919,0
1920,0
1921,29
1922,0
1923,84
1924,3
1925,0
1926,50
1927,0
1928,56
1929,0
1930,25
1931,0
1932,85
1933,76
1934,25
1935,27
1936,30
1937,69
1938,0
1939,59
1940,100
1941,0
1942,72
1943,6
1944,3
1945,48
1946,0
1947,13
1948,57
1949,0
1950,0
1951,69
1952,79
1953,26
1954,0
1955,63
1956,0
1957,0
1958,0
1959,50
1960,0
1961,0
1962,6
1963,0
1964,18
1965,0
1966,0
1967,15
1968,52
1969,27
1970,0
1971,0
1972,0
1973,65
1974,52
1975,0
1976,82
1977,77
1978,15
1979,97
1980,37
1981,59
1982,0
1983,0
1984,87
1985,79
1986,0
1987,76
1988,29
1989,0
1990,37
1991,97
1992,0
1993,0
1994,10
1995,63
1996,0
1997,0
1998,61
1999,27
2000,0
2001,17
2002,64
2003,19
2004,93
2005,0
2006,32
2007,0
2008,0
2009,7
2010,0
2011,25
2012,87
2013,14
2014,17
2015,0
2016,25
2017,0
2018,96
2019,0
2020,0
2021,0
2022,0
2023,0
2024,0
2025,0
2026,91
2027,36
2028,0
2029,0
2030,98
2031,54
2032,23
2033,47
2034,43
2035,59
2036,0
2037,0
2038,0
2039,22
2040,0
2041,0
2042,0
2043,0
2044,0
2045,43
2046,0
2047,0
2048,82
2049,0
2050,0
2051,10
2052,0
2053,62
2054,100
2055,0
2056,0
2057,0
2058,0
2059,0
2060,50
2061,0
2062,8
2063,0
2064,0
2065,0
2066,0
2067,0
2068,0
2069,17
2070,0
2071,0
2072,0
2073,4
2074,99
2075,52
2076,78
2077,9
2078,63
2079,0
2080,0
2081,37
2082,0
2083,0
2084,44
2085,19
2086,0
2087,0
2088,25
2089,83
2090,63
2091,67
2092,24
2093,0
2094,0
2095,0
2096,27
2097,71
2098,0
2099,61
2100,34
2101,0
2102,0
2103,36
2104,0
2105,30
2106,16
2107,0
2108,21
2109,0
2110,69
2111,97
2112,0
2113,0
2114,0
2115,0
2116,13
2117,27
2118,19
2119,42
2120,53
2121,50
2122,0
2123,72
2124,0
2125,87
2126,0
2127,52
2128,0
2129,11
2130,99
2131,0
2132,0
2133,57
2134,42
2135,0
2136,8
2137,0
2138,0
2139,0
2140,0
2141,52
2142,0
2143,36
2144,84
2145,0
2146,0
2147,67
2148,0
2149,0
2150,0
2151,32
2152,9
2153,93
2154,16
2155,96
2156,77
2157,0
2158,0
2159,26
2160,0
2161,0
2162,70
2163,0
2164,0
2165,64
2166,87
2167,0
2168,0
2169,0
2170,0
2171,25
2172,70
2173,0
2174,0
2175,30
2176,0
2177,0
2178,96
2179,0
2180,0
2181,63
2182,53
2183,43
2184,76
2185,87
2186,0
2187,30
2188,0
2189,53
2190,74
2191,0
2192,0
2193,7
2194,0
2195,0
2196,11
2197,0
2198,97
2199,0
2200,0
2201,33
2202,16
2203,98
2204,57
2205,0
2206,36
2207,0
2208,98
2209,0
2210,10
2211,0
2212,0
2213,71
2214,60
2215,33
2216,0
2217,0
2218,35
2219,0
2220,65
2221,6
2222,0
2223,0
2224,0
2225,58
2226,68
2227,0
2228,0
2229,0
2230,0
2231,0
2232,31
2233,8
2234,52
2235,47
2236,0
2237,21
2238,83
2239,19
2240,99
2241,0
2242,0
2243,10
2244,68
2245,30
2246,33
2247,0
2248,0
2249,74
2250,0
2251,0
2252,0
2253,8
2254,8
2255,98
2256,14
2257,60
2258,29
2259,0
2260,0
2261,66
2262,11
2263,33
2264,100
2265,7
2266,0
2267,21
2268,0
2269,0
2270,0
2271,0
2272,0
2273,33
2274,79
2275,0
2276,28
2277,0
2278,73
2279,4
2280,82
2281,0
2282,16
2283,0
2284,64
2285,81
2286,11
2287,95
2288,33
2289,0
2290,12
2291,30
2292,0
2293,47
2294,0
2295,0
2296,65
2297,0
2298,0
2299,0
2300,85
2301,0
2302,75
2303,81
2304,93
2305,0
2306,33
2307,0
2308,0
2309,0
2310,0
2311,0
2312,70
2313,24
2314,0
2315,35
2316,0
2317,4
2318,0
2319,73
2320,0
2321,13
2322,87
2323,68
2324,0
2325,0
2326,0
2327,10
2328,74
2329,78
2330,94
2331,84
2332,14
2333,30
2334,0
2335,0
2336,58
2337,0
2338,96
2339,90
2340,100
2341,13
2342,1
2343,1
2344,100
2345,0
2346,74
2347,40
2348,75
2349,0
2350,0
2351,0
2352,81
2353,0
2354,0
2355,0
2356,6
2357,44
2358,0
2359,90
2360,1
2361,78
2362,11
2363,82
2364,5
2365,94
2366,40
2367,0
2368,10
2369,0
2370,0
2371,20
2372,35
2373,0
2374,0
2375,80
2376,45
2377,47
2378,20
2379,76
2380,0
2381,0
2382,59
2383,0
2384,72
2385,53
2386,0
2387,80
2388,0
2389,30
2390,0
2391,32
2392,0
2393,0
2394,11
2395,24
2396,0
2397,0
2398,32
2399,10
2400,73
2401,0
2402,72
2403,0
2404,0
2405,0
2406,63
2407,0
2408,18
2409,7
2410,0
2411,0
2412,8
2413,0
2414,0
2415,0
2416,18
2417,0
2418,78
2419,0
2420,0
2421,66
2422,72
2423,0
2424,70
2425,99
2426,0
2427,50
2428,0
2429,12
2430,0
2431,42
2432,59
2433,56
2434,0
2435,0
2436,0
2437,97
2438,0
2439,35
2440,94
2441,22
2442,0
2443,0
2444,0
2445,0
2446,50
2447,0
2448,0
2449,19
2450,0
2451,0
2452,0
2453,1
2454,0
2455,48
2456,0
2457,41
2458,0
2459,0
2460,0
2461,0
2462,0
2463,16
2464,4
2465,1
2466,0
2467,71
2468,60
2469,26
2470,45
2471,79
2472,39
2473,0
2474,0
2475,0
2476,75
2477,0
2478,98
2479,58
2480,0
2481,0
2482,53
2483,85
2484,0
2485,0
2486,0
2487,12
2488,0
2489,74
2490,0
2491,0
2492,82
2493,76
2494,0
2495,12
2496,0
2497,0
2498,27
2499,0
2500,0
2501,77
2502,20
2503,37
2504,20
2505,0
2506,0
2507,0
2508,0
2509,0
2510,9
2511,10
2512,0
2513,0
2514,0
2515,61
2516,0
2517,0
2518,24
2519,91
2520,11
2521,0
2522,9
2523,0
2524,7
2525,29
2526,26
2527,0
2528,53
2529,64
2530,0
2531,0
2532,0
2533,0
2534,41
2535,0
2536,0
2537,0
2538,65
2539,0
2540,0
2541,53
2542,0
2543,95
2544,61
2545,0
2546,0
2547,0
2548,94
2549,97
2550,0
2551,0
2552,53
2553,11
2554,3
2555,0
2556,71
2557,74
2558,83
2559,26
2560,0
2561,16
2562,0
2563,80
2564,0
2565,0
2566,1
2567,0
2568,0
2569,29
2570,0
2571,12
2572,0
2573,0
2574,0
2575,0
2576,0
2577,75
2578,41
2579,81
2580,0
2581,0
2582,0
2583,0
2584,0
2585,98
2586,0
2587,0
2588,0
2589,32
2590,0
2591,9
2592,0
2593,1
2594,31
2595,0
2596,64
2597,0
2598,0
2599,10
2600,2
2601,10
2602,0
2603,10
2604,12
2605,10
2606,0
2607,0
2608,0
2609,72
2610,0
2611,71
2612,59
2613,0
2614,0
2615,53
2616,48
2617,0
2618,0
2619,0
2620,79
2621,87
2622,0
2623,16
2624,0
2625,33
2626,0
2627,0
2628,92
2629,59
2630,79
2631,19
2632,0
2633,87
2634,59
2635,76
2636,0
2637,0
2638,0
2639,12
2640,0
2641,63
2642,0
2643,85
2644,0
2645,42
2646,0
2647,59
2648,33
2649,0
2650,3
2651,0
2652,0
2653,33
2654,93
2655,0
2656,81
2657,0
2658,40
2659,0
2660,0
2661,79
2662,44
2663,0
2664,57
2665,0
2666,24
2667,85
2668,29
2669,0
2670,0
2671,0
2672,65
2673,0
2674,0
2675,100
2676,0
2677,50
2678,44
2679,0
2680,73
2681,0
2682,81
2683,75
2684,51
2685,0
2686,37
2687,40
2688,97
2689,48
2690,0
2691,11
2692,0
2693,0
2694,90
2695,0
2696,56
2697,19
2698,0
2699,80
2700,31
2701,31
2702,0
2703,87
2704,0
2705,0
2706,12
2707,99
2708,0
2709,68
2710,0
2711,0
2712,20
2713,94
2714,0
2715,82
2716,0
2717,6
2718,71
2719,11
2720,51
2721,5
2722,86
2723,0
2724,96
2725,0
2726,76
2727,38
2728,5
2729,52
2730,0
2731,0
2732,24
2733,0
2734,0
2735,28
2736,36
2737,73
2738,0
2739,51
2740,5
2741,34
2742,0
2743,26
2744,68
2745,0
2746,0
2747,0
2748,0
2749,31
2750,9
2751,28
2752,98
2753,85
2754,70
2755,96
2756,67
2757,67
2758,31
2759,92
2760,64
2761,0
2762,0
2763,0
2764,83
2765,0
2766,67
2767,95
2768,28
2769,74
2770,28
2771,38
2772,91
2773,0
2774,90
2775,5
2776,22
2777,16
2778,0
2779,0
2780,0
2781,0
2782,81
2783,0
2784,74
2785,0
2786,2
2787,0
2788,72
2789,0
2790,44
2791,0
2792,25
2793,0
2794,40
2795,48
2796,83
2797,61
2798,0
2799,0
2800,67
2801,0
2802,0
2803,0
2804,0
2805,0
2806,0
2807,51
2808,0
2809,29
2810,34
2811,0
2812,47
2813,25
2814,9
2815,20
2816,0
2817,0
2818,82
2819,19
2820,0
2821,81
2822,88
2823,0
2824,70
2825,49
2826,0
2827,0
2828,0
2829,0
2830,0
2831,0
2832,0
2833,45
2834,84
2835,0
2836,85
2837,0
2838,0
2839,0
2840,77
2841,0
2842,0
2843,0
2844,20
2845,0
2846,0
2847,36
2848,0
2849,19
2850,53
2851,0
2852,0
2853,11
2854,74
2855,16
2856,29
2857,0
2858,88
2859,81
2860,56
2861,0
2862,0
2863,0
2864,0
2865,0
2866,0
2867,0
2868,0
2869,0
2870,83
2871,0
2872,0
2873,74
2874,85
2875,16
2876,3
2877,53
2878,0
2879,38
2880,0
2881,100
2882,31
2883,74
2884,0
2885,18
2886,0
2887,0
2888,92
2889,0
2890,0
2891,3
2892,0
2893,13
2894,82
2895,89
2896,0
2897,47
2898,24
2899,0
2900,0
2901,94
2902,0
2903,80
2904,0
2905,89
2906,72
2907,0
2908,13
2909,0
2910,0
2911,17
2912,0
2913,47
2914,77
2915,17
2916,0
2917,0
2918,0
2919,0
2920,0
2921,98
2922,13
2923,53
2924,99
2925,0
2926,0
2927,81
2928,72
2929,0
2930,74
2931,17
2932,0
2933,45
2934,20
2935,70
2936,82
2937,79
2938,0
2939,13
2940,95
2941,0
2942,0
2943,0
2944,0
2945,0
2946,96
2947,47
2948,0
2949,24
2950,34
2951,28
2952,47
2953,0
2954,0
2955,0
2956,26
2957,28
2958,0
2959,45
2960,9
2961,0
2962,0
2963,86
2964,0
2965,83
2966,0
2967,0
2968,0
2969,79
2970,10
2971,29
2972,0
2973,0
2974,0
2975,53
2976,62
2977,15
2978,39
2979,32
2980,93
2981,47
2982,38
2983,32
2984,78
2985,75
2986,0
2987,0
2988,99
2989,36
2990,2
2991,0
2992,8
2993,2
2994,0
2995,0
2996,78
2997,0
2998,0
2999,98
3000,31
3001,63
3002,13
3003,13
3004,0
3005,94
3006,0
3007,37
3008,0
3009,82
3010,0
3011,0
3012,81
3013,44
3014,68
3015,32
3016,45
3017,0
3018,73
3019,0
3020,0
3021,0
3022,74
3023,0
3024,0
3025,81
3026,96
3027,75
3028,0
3029,0
3030,94
3031,0
3032,0
3033,0
3034,82
3035,0
3036,39
3037,94
3038,0
3039,39
3040,84
3041,67
3042,0
3043,73
3044,0
3045,0
3046,5
3047,75
3048,17
3049,85
3050,60
3051,96
3052,0
3053,77
3054,56
3055,17
3056,69
3057,4
3058,23
3059,0
3060,0
3061,0
3062,68
3063,25
3064,73
3065,97
3066,0
3067,0
3068,0
3069,0
3070,41
3071,0
3072,93
3073,0
3074,80
3075,0
3076,44
3077,0
3078,0
3079,4
3080,88
3081,0
3082,0
3083,0
3084,0
3085,0
3086,93
3087,96
3088,0
3089,60
3090,65
3091,96
3092,0
3093,12
3094,0
3095,0
3096,76
3097,73
3098,86
3099,83
3100,84
3101,89
3102,0
3103,95
3104,0
3105,0
3106,0
3107,35
3108,91
3109,0
3110,0
3111,73
3112,44
3113,0
3114,27
3115,92
3116,0
3117,0
3118,5
3119,37
3120,14
3121,0
3122,97
3123,77
3124,0
3125,14
3126,16
3127,2
3128,68
3129,54
3130,2
3131,39
3132,7
3133,94
3134,0
3135,99
3136,4
3137,39
3138,77
3139,0
3140,9
3141,0
3142,41
3143,97
3144,96
3145,27
3146,0
3147,9
3148,0
3149,47
3150,65
3151,0
3152,0
3153,0
3154,44
3155,51
3156,74
3157,79
3158,0
3159,63
3160,74
3161,100
3162,89
3163,63
3164,80
3165,26
3166,44
3167,0
3168,52
3169,61
3170,32
3171,24
3172,39
3173,90
3174,0
3175,81
3176,28
3177,7
3178,0
3179,94
3180,26
3181,0
3182,12
3183,9
3184,80
3185,0
3186,78
3187,47
3188,12
3189,47
3190,39
3191,0
3192,26
3193,54
3194,0
3195,0
3196,0
3197,0
3198,0
3199,64
3200,26
3201,92
3202,0
3203,100
3204,99
3205,0
3206,55
3207,0
3208,0
3209,56
3210,0
3211,28
3212,88
3213,28
3214,82
3215,25
3216,0
3217,88
3218,1
3219,55
3220,59
3221,14
3222,89
3223,25
3224,0
3225,46
3226,0
3227,80
3228,66
3229,0
3230,0
3231,0
3232,55
3233,0
3234,73
3235,0
3236,0
3237,55
3238,89
3239,99
3240,31
3241,80
3242,25
3243,0
3244,0
3245,51
3246,0
3247,1
3248,78
3249,0
3250,0
3251,0
3252,83
3253,73
3254,25
3255,1
3256,0
3257,57
3258,0
3259,95
3260,46
3261,38
3262,0
3263,0
3264,59
3265,70
3266,61
3267,62
3268,38
3269,0
3270,59
3271,0
3272,73
3273,77
3274,25
3275,0
3276,31
3277,90
3278,0
3279,0
3280,88
3281,0
3282,55
3283,0
3284,21
3285,76
3286,74
3287,29
3288,0
3289,0
3290,78
3291,90
3292,0
3293,20
3294,4
3295,84
3296,57
3297,0
3298,0
3299,0
3300,93
3301,9
3302,0
3303,52
3304,61
3305,14
3306,57
3307,1
3308,0
3309,0
3310,0
3311,36
3312,0
3313,77
3314,66
3315,1
3316,51
3317,66
3318,55
3319,20
3320,0
3321,96
3322,77
3323,0
3324,29
3325,43
3326,89
3327,37
3328,89
3329,1
3330,63
3331,17
3332,65
3333,31
3334,0
3335,20
3336,43
3337,1
3338,38
3339,52
3340,0
3341,10
3342,37
3343,0
3344,0
3345,0
3346,96
3347,58
3348,51
3349,0
3350,34
3351,85
3352,94
3353,0
3354,0
3355,0
3356,5
3357,29
3358,0
3359,62
3360,44
3361,21
3362,61
3363,20
3364,0
3365,0
3366,15
3367,38
3368,98
3369,43
3370,0
3371,12
3372,55
3373,33
3374,15
3375,0
3376,39
3377,57
3378,0
3379,20
3380,0
3381,0
3382,93
3383,0
3384,91
3385,0
3386,0
3387,0
3388,15
3389,19
3390,65
3391,52
3392,96
3393,0
3394,65
3395,100
3396,96
3397,0
3398,34
3399,44
3400,0
3401,5
3402,72
3403,1
3404,31
3405,51
3406,0
3407,7
3408,0
3409,70
3410,67
3411,29
3412,0
3413,68
3414,0
3415,80
3416,7
3417,0
3418,0
3419,0
3420,41
3421,0
3422,0
3423,72
3424,0
3425,0
3426,80
3427,0
3428,9
3429,17
3430,2
3431,14
3432,6
3433,98
3434,35
3435,0
3436,98
3437,90
3438,45
3439,88
3440,88
3441,0
3442,10
3443,83
3444,66
3445,0
3446,44
3447,41
3448,0
3449,51
3450,0
3451,0
3452,0
3453,19
3454,12
3455,66
3456,0
3457,92
3458,63
3459,0
3460,94
3461,52
3462,79
3463,0
3464,6
3465,0
3466,34
3467,6
3468,0
3469,0
3470,75
3471,46
3472,0
3473,0
3474,0
3475,0
3476,0
3477,46
3478,0
3479,0
3480,83
3481,0
3482,34
3483,75
3484,52
3485,0
3486,37
3487,83
3488,78
3489,85
3490,0
3491,64
3492,25
3493,28
3494,97
3495,0
3496,69
3497,0
3498,79
3499,10
3500,14
3501,0
3502,81
3503,74
3504,0
3505,0
3506,4
3507,63
3508,0
3509,63
3510,0
3511,96
3512,0
3513,0
3514,59
3515,24
3516,80
3517,28
3518,10
3519,62
3520,70
3521,36
3522,0
3523,25
3524,0
3525,34
3526,90
3527,55
3528,0
3529,52
3530,0
3531,94
3532,0
3533,0
3534,0
3535,28
3536,0
3537,74
3538,0
3539,93
3540,0
3541,0
3542,0
3543,0
3544,57
3545,76
3546,58
3547,0
3548,84
3549,0
3550,29
3551,4
3552,62
3553,0
3554,0
3555,75
3556,0
3557,60
3558,0
3559,0
3560,17
3561,24
3562,47
3563,0
3564,40
3565,22
3566,0
3567,29
3568,59
3569,0
3570,100
3571,21
3572,0
3573,0
3574,71
3575,97
3576,61
3577,66
3578,82
3579,93
3580,32
3581,53
3582,8
3583,49
3584,0
3585,0
3586,4
3587,0
3588,0
3589,0
3590,82
3591,59
3592,8
3593,0
3594,65
3595,0
3596,0
3597,80
3598,0
3599,0
3600,54
3601,84
3602,8
3603,94
3604,53
3605,55
3606,9
3607,0
3608,63
3609,0
3610,0
3611,88
3612,47
3613,82
3614,0
3615,18
3616,83
3617,84
3618,47
3619,32
3620,37
3621,18
3622,24
3623,0
3624,77
3625,0
3626,43
3627,39
3628,28
3629,0
3630,61
3631,35
3632,67
3633,66
3634,63
3635,0
3636,59
3637,95
3638,0
3639,0
3640,77
3641,76
3642,0
3643,66
3644,89
3645,0
3646,0
3647,63
3648,0
3649,12
3650,0
3651,0
3652,28
3653,61
3654,0
3655,0
3656,75
3657,0
3658,0
3659,43
3660,36
3661,2
3662,0
3663,0
3664,0
3665,0
3666,0
3667,23
3668,86
3669,76
3670,55
3671,0
3672,0
3673,33
3674,23
3675,51
3676,93
3677,0
3678,0
3679,0
3680,90
3681,17
3682,57
3683,0
3684,42
3685,75
3686,58
3687,85
3688,43
3689,0
3690,0
3691,0
3692,69
3693,0
3694,89
3695,68
3696,0
3697,74
3698,53
3699,0
3700,24
3701,0
3702,0
3703,4
3704,66
3705,33
3706,35
3707,16
3708,16
3709,0
3710,69
3711,76
3712,0
3713,54
3714,44
3715,66
3716,0
3717,74
3718,53
3719,29
3720,84
3721,62
3722,66
3723,60
3724,32
3725,0
3726,0
3727,57
3728,0
3729,99
3730,5
3731,36
3732,4
3733,85
3734,1
3735,81
3736,6
3737,38
3738,80
3739,90
3740,24
3741,94
3742,27
3743,80
3744,0
3745,0
3746,17
3747,54
3748,80
3749,89
3750,15
3751,53
3752,36
3753,0
3754,87
3755,0
3756,36
3757,0
3758,11
3759,53
3760,95
3761,0
3762,54
3763,0
3764,41
3765,62
3766,11
3767,35
3768,41
3769,0
3770,0
3771,40
3772,0
3773,17
3774,22
3775,20
3776,95
3777,16
3778,32
3779,0
3780,64
3781,58
3782,54
3783,76
3784,0
3785,82
3786,41
3787,0
3788,73
3789,11
3790,82
3791,43
3792,77
3793,43
3794,71
3795,86
3796,96
3797,13
3798,89
3799,4
3800,19
3801,23
3802,36
3803,60
3804,56
3805,27
3806,55
3807,0
3808,33
3809,45
3810,85
3811,0
3812,0
3813,49
3814,97
3815,70
3816,0
3817,80
3818,80
3819,91
3820,59
3821,36
3822,40
3823,0
3824,59
3825,99
3826,76
3827,34
3828,87
3829,68
3830,8
3831,4
3832,53
3833,38
3834,0
3835,66
3836,41
3837,18
3838,63
3839,0
3840,35
3841,0
3842,27
3843,40
3844,85
3845,42
3846,0
3847,0
3848,0
3849,61
3850,56
3851,0
3852,34
3853,38
3854,100
3855,74
3856,90
3857,69
3858,10
3859,95
3860,0
3861,69
3862,0
3863,17
3864,76
3865,89
3866,84
3867,0
3868,0
3869,9
3870,0
3871,0
3872,0
3873,2
3874,34
3875,0
3876,28
3877,40
3878,91
3879,32
3880,6
3881,0
3882,81
3883,34
3884,58
3885,9
3886,63
3887,15
3888,30
3889,55
3890,55
3891,37
3892,96
3893,2
3894,27
3895,0
3896,20
3897,38
3898,0
3899,60
3900,49
3901,87
3902,45
3903,6
3904,94
3905,61
3906,64
3907,0
3908,92
3909,0
3910,49
3911,61
3912,0
3913,99
3914,68
3915,94
3916,46
3917,0
3918,60
3919,15
3920,90
3921,58
3922,51
3923,95
3924,0
3925,0
3926,39
3927,0
3928,37
3929,38
3930,32
3931,46
3932,90
3933,0
3934,42
3935,94
3936,54
3937,55
3938,0
3939,0
3940,12
3941,45
3942,10
3943,0
3944,1
3945,0
3946,29
3947,0
3948,0
3949,39
3950,32
3951,0
3952,0
3953,38
3954,23
3955,0
3956,77
3957,55
3958,0
3959,37
3960,15
3961,21
3962,81
3963,0
3964,18
3965,97
3966,42
3967,33
3968,0
3969,51
3970,82
3971,88
3972,80
3973,29
3974,0
3975,9
3976,43
3977,0
3978,0
3979,80
3980,45
3981,84
3982,0
3983,48
3984,0
3985,65
3986,50
3987,99
3988,21
3989,0
3990,89
3991,97
3992,46
3993,0
3994,0
3995,37
3996,92
3997,16
3998,0
3999,60
4000,68
4001,0
4002,39
4003,0
4004,0
4005,0
4006,0
4007,80
4008,64
4009,33
4010,39
4011,0
4012,49
4013,52
4014,67
4015,0
4016,99
4017,93
4018,7
4019,0
4020,0
4021,51
4022,77
4023,36
4024,85
4025,0
4026,0
4027,74
4028,67
4029,68
4030,54
4031,34
4032,0
4033,56
4034,77
4035,0
4036,1
4037,0
4038,60
4039,0
4040,34
4041,0
4042,44
4043,20
4044,21
4045,0
4046,32
4047,89
4048,83
4049,60
4050,11
4051,13
4052,0
4053,0
4054,51
4055,86
4056,68
4057,0
4058,48
4059,32
4060,13
4061,0
4062,70
4063,66
4064,85
4065,47
4066,87
4067,0
4068,0
4069,53
4070,48
4071,52
4072,25
4073,44
4074,0
4075,46
4076,80
4077,66
4078,50
4079,38
4080,35
4081,44
4082,96
4083,0
4084,65
4085,44
4086,26
4087,30
4088,0
4089,66
4090,5
4091,73
4092,73
4093,0
4094,0
4095,76
4096,73
4097,81
4098,0
4099,76
4100,39
4101,0
4102,9
4103,37
4104,75
4105,0
4106,67
4107,95
4108,68
4109,51
4110,11
4111,0
4112,0
4113,52
4114,29
4115,87
4116,17
4117,63
4118,0
4119,0
4120,0
4121,84
4122,44
4123,42
4124,94
4125,68
4126,0
4127,0
4128,0
4129,70
4130,14
4131,69
4132,91
4133,0
4134,95
4135,0
4136,0
4137,42
4138,0
4139,46
4140,33
4141,45
4142,81
4143,14
4144,21
4145,96
4146,0
4147,17
4148,41
4149,39
4150,33
4151,58
4152,51
4153,0
4154,19
4155,1
4156,94
4157,42
4158,28
4159,4
4160,66
4161,32
4162,61
4163,47
4164,90
4165,87
4166,76
4167,93
4168,61
4169,71
4170,0
4171,57
4172,80
4173,72
4174,0
4175,32
4176,38
4177,42
4178,19
4179,80
4180,2
4181,24
4182,47
4183,0
4184,61
4185,0
4186,14
4187,97
4188,0
4189,48
4190,0
4191,0
4192,62
4193,81
4194,56
4195,0
4196,0
4197,39
4198,0
4199,71
4200,55
4201,66
4202,0
4203,0
4204,0
4205,95
4206,34
4207,0
4208,47
4209,83
4210,67
4211,57
4212,96
4213,85
4214,81
4215,58
4216,4
4217,62
4218,59
4219,53
4220,0
4221,60
4222,43
4223,48
4224,5
4225,0
4226,88
4227,0
4228,87
4229,0
4230,0
4231,80
4232,42
4233,0
4234,21
4235,1
4236,38
4237,0
4238,0
4239,84
4240,69
4241,0
4242,73
4243,79
4244,46
4245,45
4246,0
4247,8
4248,63
4249,48
4250,45
4251,59
4252,14
4253,86
4254,0
4255,34
4256,6
4257,0
4258,56
4259,53
4260,77
4261,8
4262,75
4263,87
4264,66
4265,28
4266,28
4267,60
4268,0
4269,76
4270,34
4271,41
4272,4
4273,5
4274,4
4275,21
4276,26
4277,0
4278,0
4279,21
4280,41
4281,18
4282,39
4283,8
4284,34
4285,0
4286,45
4287,80
4288,79
4289,72
4290,0
4291,0
4292,66
4293,58
4294,5
4295,0
4296,39
4297,88
4298,53
4299,35
4300,87
4301,5
4302,0
4303,35
4304,13
4305,74
4306,95
4307,20
4308,0
4309,5
4310,10
4311,20
4312,86
4313,31
4314,0
4315,66
4316,96
4317,31
4318,35
4319,16
4320,12
4321,39
4322,26
4323,69
4324,40
4325,40
4326,42
4327,33
4328,0
4329,44
4330,45
4331,35
4332,0
4333,99
4334,0
4335,0
4336,81
4337,28
4338,0
4339,0
4340,0
4341,91
4342,20
4343,68
4344,74
4345,10
4346,0
4347,89
4348,46
4349,52
4350,87
4351,59
4352,6
4353,55
4354,0
4355,59
4356,60
4357,94
4358,50
4359,49
4360,74
4361,0
4362,38
4363,84
4364,0
4365,0
4366,87
4367,92
4368,66
4369,74
4370,71
4371,53
4372,45
4373,45
4374,89
4375,0
4376,65
4377,0
4378,22
4379,39
4380,61
4381,0
4382,95
4383,83
4384,21
4385,51
4386,0
4387,0
4388,40
4389,35
4390,22
4391,0
4392,0
4393,31
4394,0
4395,0
4396,13
4397,22
4398,29
4399,3
4400,52
4401,17
4402,51
4403,0
4404,0
4405,40
4406,54
4407,25
4408,17
4409,1
4410,95
4411,0
4412,91
4413,82
4414,81
4415,17
4416,30
4417,0
4418,41
4419,0
4420,0
4421,30
4422,0
4423,86
4424,1
4425,79
4426,94
4427,0
4428,0
4429,83
4430,96
4431,67
4432,87
4433,16
4434,44
4435,52
4436,75
4437,67
4438,46
4439,62
4440,40
4441,75
4442,72
4443,52
4444,45
4445,40
4446,91
4447,0
4448,93
4449,47
4450,87
4451,45
4452,50
4453,92
4454,84
4455,5
4456,80
4457,94
4458,50
4459,0
4460,59
4461,0
4462,28
4463,31
4464,94
4465,80
4466,38
4467,96
4468,83
4469,0
4470,35
4471,40
4472,19
4473,69
4474,3
4475,3
4476,14
4477,45
4478,73
4479,25
4480,39
4481,19
4482,54
4483,88
4484,48
4485,86
4486,66
4487,45
4488,13
4489,42
4490,70
4491,35
4492,48
4493,56
4494,0
4495,55
4496,36
4497,57
4498,30
4499,5
4500,0
4501,47
4502,48
4503,0
4504,56
4505,74
4506,48
4507,30
4508,89
4509,28
4510,11
4511,7
4512,54
4513,92
4514,95
4515,0
4516,55
4517,22
4518,49
4519,5
4520,0
4521,70
4522,91
4523,88
4524,29
4525,59
4526,74
4527,3
4528,66
4529,45
4530,50
4531,95
4532,16
4533,82
4534,44
4535,16
4536,9
4537,66
4538,45
4539,48
4540,54
4541,54
4542,0
4543,72
4544,30
4545,46
4546,0
4547,78
4548,14
4549,65
4550,85
4551,38
4552,21
4553,11
4554,71
4555,0
4556,95
4557,89
4558,4
4559,64
4560,0
4561,44
4562,0
4563,59
4564,87
4565,3
4566,0
4567,34
4568,66
4569,1
4570,61
4571,96
4572,84
4573,57
4574,38
4575,0
4576,74
4577,48
4578,99
4579,97
4580,93
4581,12
4582,1
4583,12
4584,38
4585,31
4586,86
4587,4
4588,11
4589,94
4590,1
4591,1
4592,0
4593,50
4594,0
4595,37
4596,91
4597,82
4598,47
4599,53
4600,0
4601,6
4602,82
4603,19
4604,45
4605,38
4606,77
4607,54
4608,95
4609,6
4610,78
4611,61
4612,27
4613,70
4614,86
4615,0
4616,90
4617,52
4618,0
4619,68
4620,88
4621,82
4622,55
4623,68
4624,79
4625,0
4626,80
4627,3
4628,40
4629,100
4630,22
4631,1
4632,66
4633,53
4634,0
4635,0
4636,99
4637,4
4638,62
4639,82
4640,75
4641,78
4642,6
4643,51
4644,46
4645,31
4646,78
4647,35
4648,98
4649,21
4650,100
4651,35
4652,0
4653,21
4654,69
4655,0
4656,95
4657,66
4658,28
4659,28
4660,31
4661,66
4662,18
4663,75
4664,45
4665,11
4666,60
4667,40
4668,22
4669,54
4670,53
4671,6
4672,95
4673,0
4674,69
4675,43
4676,78
4677,13
4678,0
4679,87
4680,51
4681,25
4682,13
4683,41
4684,36
4685,0
4686,24
4687,72
4688,15
4689,0
4690,38
4691,82
4692,20
4693,58
4694,0
4695,0
4696,50
4697,89
4698,0
4699,79
4700,95
4701,31
4702,95
4703,33
4704,0
4705,23
4706,2
4707,47
4708,13
4709,38
4710,0
4711,51
4712,0
4713,0
4714,93
4715,38
4716,45
4717,21
4718,52
4719,30
4720,21
4721,45
4722,41
4723,0
4724,47
4725,0
4726,88
4727,58
4728,15
4729,85
4730,50
4731,40
4732,87
4733,58
4734,37
4735,49
4736,90
4737,6
4738,83
4739,46
4740,67
4741,65
4742,47
4743,0
4744,84
4745,55
4746,41
4747,0
4748,37
4749,80
4750,0
4751,87
4752,37
4753,52
4754,26
4755,59
4756,42
4757,74
4758,0
4759,13
4760,0
4761,0
4762,0
4763,49
4764,0
4765,66
4766,4
4767,29
4768,0
4769,31
4770,6
4771,20
4772,46
4773,45
4774,52
4775,0
4776,33
4777,89
4778,1
4779,92
4780,21
4781,0
4782,79
4783,64
4784,0
4785,42
4786,95
4787,0
4788,0
4789,94
4790,78
4791,73
4792,60
4793,0
4794,0
4795,62
4796,45
4797,6
4798,38
4799,57
4800,4
4801,49
4802,20
4803,91
4804,22
4805,6
4806,95
4807,75
4808,62
4809,73
4810,41
4811,0
4812,0
4813,30
4814,50
4815,46
4816,24
4817,38
4818,58
4819,39
4820,62
4821,33
4822,19
4823,61
4824,66
4825,87
4826,73
4827,44
4828,68
4829,51
4830,0
4831,30
4832,0
4833,54
4834,23
4835,51
4836,1
4837,29
4838,61
4839,39
4840,15
4841,0
4842,70
4843,22
4844,45
4845,89
4846,1
4847,0
4848,42
4849,33
4850,0
4851,1
4852,94
4853,46
4854,56
4855,61
4856,86
4857,94
4858,56
4859,96
4860,68
4861,73
4862,49
4863,59
4864,41
4865,54
4866,67
4867,0
4868,52
4869,60
4870,70
4871,43
4872,0
4873,33
4874,11
4875,19
4876,83
4877,100
4878,55
4879,75
4880,61
4881,0
4882,7
4883,8
4884,1
4885,29
4886,28
4887,58
4888,0
4889,0
4890,18
4891,56
4892,31
4893,5
4894,26
4895,81
4896,34
4897,20
4898,41
4899,78
4900,5
4901,1
4902,88
4903,58
4904,15
4905,36
4906,88
4907,34
4908,72
4909,6
4910,71
4911,20
4912,18
4913,19
4914,58
4915,70
4916,11
4917,0
4918,59
4919,52
4920,22
4921,71
4922,89
4923,11
4924,0
4925,0
4926,67
4927,67
4928,86
4929,0
4930,30
4931,43
4932,41
4933,46
4934,48
4935,0
4936,62
4937,51
4938,42
4939,0
4940,44
4941,25
4942,0
4943,0
4944,37
4945,42
4946,63
4947,79
4948,0
4949,8
4950,42
4951,3
4952,18
4953,39
4954,5
4955,18
4956,0
4957,64
4958,0
4959,0
4960,52
4961,54
4962,8
4963,59
4964,93
4965,14
4966,18
4967,49
4968,94
4969,89
4970,22
4971,8
4972,8
4973,87
4974,15
4975,83
4976,39
4977,54
4978,40
4979,14
4980,0
4981,44
4982,41
4983,0
4984,41
4985,25
4986,82
4987,22
4988,88
4989,92
4990,47
4991,45
4992,0
4993,62
4994,52
4995,16
4996,88
4997,32
4998,92
4999,13
